42.7649759376475
40.5134922444663
37.9236997518058
34.9840349906955
31.700854435086
28.1058184013726
24.2631807700737
20.2750996542928
16.2821677700327
12.4558299229783
8.97997681186556
6.02167056834775
3.69600458016079
2.03617010898591
0.98303811577503
0.403933087627825
0.136310486071419
0.036165599980349
0.007152903658292
0.000988195498684
1.22140275816017
1.49182469764127
1.82211880039051
2.22554092849247
2.71828182845904
3.32011692273655
4.05519996684468
4.95303242439512
6.04964746441295
7.38905609893065
9.02501349943412
11.0231763806416
13.4637380350017
16.4446467710971
20.0855369231877
24.5325301971094
29.964100047397
36.598234443678
44.7011844933008
54.5981500331442