# ODMatrix Simulation
Params {size = 20, capacity = 50, seed = 0, cases = 16, lambdas = True}
# Reading lambdas...
# Boarding lambdas
42.7649759376475
40.5134922444663
37.9236997518058
34.9840349906955
31.700854435086
28.1058184013726
24.2631807700737
20.2750996542928
16.2821677700327
12.4558299229783
8.97997681186556
6.02167056834775
3.69600458016079
2.03617010898591
0.98303811577503
0.403933087627825
0.136310486071419
3.6165599980349e-2
7.152903658292e-3
9.88195498684e-4
# Alighting lambdas
1.22140275816017
1.49182469764127
1.82211880039051
2.22554092849247
2.71828182845904
3.32011692273655
4.05519996684468
4.95303242439512
6.04964746441295
7.38905609893065
9.02501349943412
11.0231763806416
13.4637380350017
16.4446467710971
20.0855369231877
24.5325301971094
29.964100047397
36.598234443678
44.7011844933008
54.5981500331442
# Generating origin destination matrices...
0,25,1,0,0,0,0,0,0,0,0,0,0,0,0,0,0,0,0,0,0,20,22,5,0,0,0,0,0,0,0,0,0,0,0,0,0,0,0,0,0,0,17,21,2,0,0,0,0,0,0,0,0,0,0,0,0,0,0,0,0,0,0,19,15,7,0,0,0,0,0,0,0,0,0,0,0,0,0,0,0,0,0,0,16,8,4,0,0,0,0,0,0,0,0,0,0,0,0,0,0,0,0,0,0,23,15,7,0,0,0,0,0,0,0,0,0,0,0,0,0,0,0,0,0,0,11,9,10,3,0,0,0,0,0,0,0,0,0,0,0,0,0,0,0,0,0,3,6,4,4,1,0,0,0,0,0,0,0,0,0,0,0,0,0,0,0,0,3,3,4,5,3,0,0,0,0,0,0,0,0,0,0,0,0,0,0,0,0,2,0,3,3,4,0,0,0,0,0,0,0,0,0,0,0,0,0,0,0,0,5,2,6,6,10,0,0,0,0,0,0,0,0,0,0,0,0,0,0,0,0,1,1,0,3,0,0,0,0,0,0,0,0,0,0,0,0,0,0,0,0,0,0,4,5,2,0,0,0,0,0,0,0,0,0,0,0,0,0,0,0,0,0,0,0,1,0,0,0,0,0,0,0,0,0,0,0,0,0,0,0,0,0,0,0,0,0,0,0,0,0,0,0,0,0,0,0,0,0,0,0,0,0,0,0,0,0,0,0,0,0,0,0,0,0,0,0,0,0,0,0,0,0,0,0,0,0,0,0,0,0,0,0,0,0,0,0,0,0,0,0,0,0,0,0,0,0,0,0,0,0,0,0,0,0,0,0,0,0,0,0,0,0,0,0,0,0,0,0,0,0,0,0,0,0,0,0,0,0,0,0,0,0,0,0,0,0,0,0,0
0,18,6,0,0,0,0,0,0,0,0,0,0,0,0,0,0,0,0,0,0,16,17,4,0,0,0,0,0,0,0,0,0,0,0,0,0,0,0,0,0,0,17,15,6,0,0,0,0,0,0,0,0,0,0,0,0,0,0,0,0,0,0,11,11,5,0,0,0,0,0,0,0,0,0,0,0,0,0,0,0,0,0,0,14,11,8,0,0,0,0,0,0,0,0,0,0,0,0,0,0,0,0,0,0,7,7,5,1,0,0,0,0,0,0,0,0,0,0,0,0,0,0,0,0,0,10,9,7,3,1,0,0,0,0,0,0,0,0,0,0,0,0,0,0,0,0,6,7,2,4,3,2,0,0,0,0,0,0,0,0,0,0,0,0,0,0,0,1,2,3,0,2,5,0,0,0,0,0,0,0,0,0,0,0,0,0,0,0,1,0,0,2,3,0,0,0,0,0,0,0,0,0,0,0,0,0,0,0,0,5,4,6,8,13,0,0,0,0,0,0,0,0,0,0,0,0,0,0,0,0,0,0,1,2,0,0,0,0,0,0,0,0,0,0,0,0,0,0,0,0,0,0,1,2,0,0,0,0,0,0,0,0,0,0,0,0,0,0,0,0,0,0,0,0,0,0,0,0,0,0,0,0,0,0,0,0,0,0,0,0,0,0,0,1,0,0,0,0,0,0,0,0,0,0,0,0,0,0,0,0,0,0,0,0,0,0,0,0,0,0,0,0,0,0,0,0,0,0,0,0,0,0,0,0,0,0,0,0,0,0,0,0,0,0,0,0,0,0,0,0,0,0,0,0,0,0,0,0,0,0,0,0,0,0,0,0,0,0,0,0,0,0,0,0,0,0,0,0,0,0,0,0,0,0,0,0,0,0,0,0,0,0,0,0,0,0,0,0,0
1,20,4,0,0,0,0,0,0,0,0,0,0,0,0,0,0,0,0,0,0,23,21,0,0,0,0,0,0,0,0,0,0,0,0,0,0,0,0,0,0,0,24,19,4,0,0,0,0,0,0,0,0,0,0,0,0,0,0,0,0,0,0,16,13,7,0,0,0,0,0,0,0,0,0,0,0,0,0,0,0,0,0,0,14,16,4,0,0,0,0,0,0,0,0,0,0,0,0,0,0,0,0,0,0,17,13,9,1,0,0,0,0,0,0,0,0,0,0,0,0,0,0,0,0,0,5,7,3,1,2,1,0,0,0,0,0,0,0,0,0,0,0,0,0,0,0,3,3,3,2,8,1,0,0,0,0,0,0,0,0,0,0,0,0,0,0,0,1,2,2,1,0,3,0,0,0,0,0,0,0,0,0,0,0,0,0,0,0,5,1,1,2,3,7,0,0,0,0,0,0,0,0,0,0,0,0,0,0,0,1,0,5,3,7,0,0,0,0,0,0,0,0,0,0,0,0,0,0,0,0,3,1,3,10,0,0,0,0,0,0,0,0,0,0,0,0,0,0,0,0,0,0,0,0,1,0,0,0,0,0,0,0,0,0,0,0,0,0,0,0,0,0,0,1,1,0,0,0,0,0,0,0,0,0,0,0,0,0,0,0,0,0,0,0,0,0,0,0,0,0,0,0,0,0,0,0,0,0,0,0,0,0,0,0,0,0,0,0,0,0,0,0,0,0,0,0,0,0,0,0,0,0,0,0,0,0,0,0,0,0,0,0,0,0,0,0,0,0,0,0,0,0,0,0,0,0,1,0,0,0,0,0,0,0,0,0,0,0,0,0,0,0,0,0,0,0,0,0,0,0,0,0,0,0,0,0,0,0,0,0,0,0,0,0,0,0,0,0,0
0,16,1,0,0,0,0,0,0,0,0,0,0,0,0,0,0,0,0,0,0,25,22,4,0,0,0,0,0,0,0,0,0,0,0,0,0,0,0,0,0,0,17,13,5,0,0,0,0,0,0,0,0,0,0,0,0,0,0,0,0,0,0,16,12,6,0,0,0,0,0,0,0,0,0,0,0,0,0,0,0,0,0,0,11,11,8,0,0,0,0,0,0,0,0,0,0,0,0,0,0,0,0,0,0,5,8,10,0,0,0,0,0,0,0,0,0,0,0,0,0,0,0,0,0,0,13,9,5,3,0,0,0,0,0,0,0,0,0,0,0,0,0,0,0,0,0,7,5,5,6,6,0,0,0,0,0,0,0,0,0,0,0,0,0,0,0,0,2,2,1,1,3,1,0,0,0,0,0,0,0,0,0,0,0,0,0,0,0,2,1,2,3,3,0,0,0,0,0,0,0,0,0,0,0,0,0,0,0,0,2,0,4,4,6,0,0,0,0,0,0,0,0,0,0,0,0,0,0,0,0,2,5,2,6,0,0,0,0,0,0,0,0,0,0,0,0,0,0,0,0,0,1,4,3,5,0,0,0,0,0,0,0,0,0,0,0,0,0,0,0,0,0,0,3,3,0,0,0,0,0,0,0,0,0,0,0,0,0,0,0,0,0,0,2,4,0,0,0,0,0,0,0,0,0,0,0,0,0,0,0,0,0,0,0,0,0,0,0,0,0,0,0,0,0,0,0,0,0,0,0,0,0,0,0,0,0,0,0,0,0,0,0,0,0,0,0,0,0,0,0,0,0,0,0,0,0,0,0,0,0,0,0,0,0,0,0,0,0,0,0,0,0,0,0,0,0,0,0,0,0,0,0,0,0,0,0,0,0,0,0,0,0,0,0,0,0,0,0,0
1,14,2,0,0,0,0,0,0,0,0,0,0,0,0,0,0,0,0,0,0,18,21,6,0,0,0,0,0,0,0,0,0,0,0,0,0,0,0,0,0,0,17,13,7,0,0,0,0,0,0,0,0,0,0,0,0,0,0,0,0,0,0,7,12,3,0,0,0,0,0,0,0,0,0,0,0,0,0,0,0,0,0,0,16,15,4,0,0,0,0,0,0,0,0,0,0,0,0,0,0,0,0,0,0,14,14,4,0,0,0,0,0,0,0,0,0,0,0,0,0,0,0,0,0,0,14,11,5,3,0,0,0,0,0,0,0,0,0,0,0,0,0,0,0,0,0,10,3,5,2,2,0,0,0,0,0,0,0,0,0,0,0,0,0,0,0,0,5,3,3,2,3,0,0,0,0,0,0,0,0,0,0,0,0,0,0,0,0,4,2,4,4,6,0,0,0,0,0,0,0,0,0,0,0,0,0,0,0,0,5,1,3,5,6,0,0,0,0,0,0,0,0,0,0,0,0,0,0,0,0,3,5,3,9,0,0,0,0,0,0,0,0,0,0,0,0,0,0,0,0,0,0,2,3,0,0,0,0,0,0,0,0,0,0,0,0,0,0,0,0,0,0,0,1,0,0,0,0,0,0,0,0,0,0,0,0,0,0,0,0,0,0,0,1,0,0,0,0,0,0,0,0,0,0,0,0,0,0,0,0,0,0,0,0,0,0,0,0,0,0,0,0,0,0,0,0,0,0,0,0,0,0,0,0,0,0,0,0,0,0,0,0,0,0,0,0,0,0,0,0,0,0,0,0,0,0,0,0,0,0,0,0,0,0,0,0,0,0,0,0,0,0,0,0,0,0,0,0,0,0,0,0,0,0,0,0,0,0,0,0,0,0,0,0,0,0,0,0,0
2,15,4,0,0,0,0,0,0,0,0,0,0,0,0,0,0,0,0,0,0,19,23,3,0,0,0,0,0,0,0,0,0,0,0,0,0,0,0,0,0,0,15,20,2,0,0,0,0,0,0,0,0,0,0,0,0,0,0,0,0,0,0,17,12,8,0,0,0,0,0,0,0,0,0,0,0,0,0,0,0,0,0,0,7,8,5,0,0,0,0,0,0,0,0,0,0,0,0,0,0,0,0,0,0,13,13,2,0,0,0,0,0,0,0,0,0,0,0,0,0,0,0,0,0,0,14,12,7,5,1,0,0,0,0,0,0,0,0,0,0,0,0,0,0,0,0,6,4,2,3,4,4,0,0,0,0,0,0,0,0,0,0,0,0,0,0,0,3,1,2,3,2,4,0,0,0,0,0,0,0,0,0,0,0,0,0,0,0,2,1,0,2,8,0,0,0,0,0,0,0,0,0,0,0,0,0,0,0,0,1,0,2,3,7,0,0,0,0,0,0,0,0,0,0,0,0,0,0,0,0,1,3,3,7,0,0,0,0,0,0,0,0,0,0,0,0,0,0,0,0,0,3,1,3,0,0,0,0,0,0,0,0,0,0,0,0,0,0,0,0,0,0,0,0,0,0,0,0,0,0,0,0,0,0,0,0,0,0,0,0,0,0,0,0,0,0,0,0,0,0,0,0,0,0,0,0,0,0,0,0,0,0,0,0,0,0,0,0,0,0,0,0,0,0,0,0,0,0,0,0,0,0,0,0,0,0,0,0,0,0,0,0,0,0,0,0,0,0,0,0,0,0,0,0,0,0,0,0,0,0,0,0,0,0,0,0,0,0,0,0,0,0,0,0,0,0,0,0,0,0,0,0,0,0,0,0,0,0,0,0,0,0,0,0,0,0,0,0,0
1,13,4,0,0,0,0,0,0,0,0,0,0,0,0,0,0,0,0,0,0,22,11,3,0,0,0,0,0,0,0,0,0,0,0,0,0,0,0,0,0,0,23,16,5,0,0,0,0,0,0,0,0,0,0,0,0,0,0,0,0,0,0,15,12,10,0,0,0,0,0,0,0,0,0,0,0,0,0,0,0,0,0,0,11,9,8,0,0,0,0,0,0,0,0,0,0,0,0,0,0,0,0,0,0,11,12,7,1,0,0,0,0,0,0,0,0,0,0,0,0,0,0,0,0,0,4,8,5,0,0,0,0,0,0,0,0,0,0,0,0,0,0,0,0,0,0,10,10,4,2,0,0,0,0,0,0,0,0,0,0,0,0,0,0,0,0,0,7,4,9,6,2,3,0,0,0,0,0,0,0,0,0,0,0,0,0,0,0,2,1,2,3,3,0,0,0,0,0,0,0,0,0,0,0,0,0,0,0,0,2,4,1,5,3,0,0,0,0,0,0,0,0,0,0,0,0,0,0,0,0,1,2,3,7,0,0,0,0,0,0,0,0,0,0,0,0,0,0,0,0,0,0,3,5,0,0,0,0,0,0,0,0,0,0,0,0,0,0,0,0,0,0,1,2,0,0,0,0,0,0,0,0,0,0,0,0,0,0,0,0,0,0,0,2,0,0,0,0,0,0,0,0,0,0,0,0,0,0,0,0,0,0,0,0,1,0,0,0,0,0,0,0,0,0,0,0,0,0,0,0,0,0,0,0,0,0,0,0,0,0,0,0,0,0,0,0,0,0,0,0,0,0,0,0,0,0,0,0,0,0,0,0,0,0,0,0,0,0,0,0,0,0,0,0,0,0,0,0,0,0,0,0,0,0,0,0,0,0,0,0,0,0,0,0,0,0,0,0,0
1,14,4,0,0,0,0,0,0,0,0,0,0,0,0,0,0,0,0,0,0,13,15,8,0,0,0,0,0,0,0,0,0,0,0,0,0,0,0,0,0,0,16,13,4,0,0,0,0,0,0,0,0,0,0,0,0,0,0,0,0,0,0,16,12,9,0,0,0,0,0,0,0,0,0,0,0,0,0,0,0,0,0,0,13,12,4,0,0,0,0,0,0,0,0,0,0,0,0,0,0,0,0,0,0,15,13,7,1,0,0,0,0,0,0,0,0,0,0,0,0,0,0,0,0,0,11,9,5,2,0,0,0,0,0,0,0,0,0,0,0,0,0,0,0,0,0,3,8,6,4,0,0,0,0,0,0,0,0,0,0,0,0,0,0,0,0,0,6,7,8,2,2,0,0,0,0,0,0,0,0,0,0,0,0,0,0,0,0,1,3,3,6,3,0,0,0,0,0,0,0,0,0,0,0,0,0,0,0,0,2,4,3,4,1,0,0,0,0,0,0,0,0,0,0,0,0,0,0,0,0,0,2,3,4,0,0,0,0,0,0,0,0,0,0,0,0,0,0,0,0,0,3,3,7,0,0,0,0,0,0,0,0,0,0,0,0,0,0,0,0,0,0,0,0,0,0,0,0,0,0,0,0,0,0,0,0,0,0,0,0,0,0,0,2,0,0,0,0,0,0,0,0,0,0,0,0,0,0,0,0,0,0,0,0,0,0,0,0,0,0,0,0,0,0,0,0,0,0,0,0,0,0,0,0,0,0,0,0,0,0,0,0,0,0,0,0,0,0,0,0,0,0,0,0,0,0,0,0,0,0,0,0,0,0,0,0,0,0,0,0,0,0,0,0,0,0,0,0,0,0,0,0,0,0,0,0,0,0,0,0,0,0,0,0,0,0,0,0,0
0,14,4,0,0,0,0,0,0,0,0,0,0,0,0,0,0,0,0,0,0,15,15,6,0,0,0,0,0,0,0,0,0,0,0,0,0,0,0,0,0,0,16,15,4,0,0,0,0,0,0,0,0,0,0,0,0,0,0,0,0,0,0,15,12,11,1,0,0,0,0,0,0,0,0,0,0,0,0,0,0,0,0,0,3,6,6,0,0,0,0,0,0,0,0,0,0,0,0,0,0,0,0,0,0,10,8,6,0,0,0,0,0,0,0,0,0,0,0,0,0,0,0,0,0,0,10,11,5,1,0,0,0,0,0,0,0,0,0,0,0,0,0,0,0,0,0,5,3,3,1,1,0,0,0,0,0,0,0,0,0,0,0,0,0,0,0,0,5,2,3,3,3,3,0,0,0,0,0,0,0,0,0,0,0,0,0,0,0,5,2,4,5,3,0,0,0,0,0,0,0,0,0,0,0,0,0,0,0,0,5,0,2,6,10,0,0,0,0,0,0,0,0,0,0,0,0,0,0,0,0,2,2,2,6,0,0,0,0,0,0,0,0,0,0,0,0,0,0,0,0,0,1,1,2,0,0,0,0,0,0,0,0,0,0,0,0,0,0,0,0,0,0,2,2,0,0,0,0,0,0,0,0,0,0,0,0,0,0,0,0,0,0,0,0,0,0,0,0,0,0,0,0,0,0,0,0,0,0,0,0,0,0,0,0,0,0,0,0,0,0,0,0,0,0,0,0,0,0,0,0,0,0,0,0,0,1,0,0,0,0,0,0,0,0,0,0,0,0,0,0,0,0,0,0,0,0,0,0,0,0,0,0,0,0,0,0,0,0,0,0,0,0,0,0,0,0,0,0,0,0,0,0,0,0,0,0,0,0,0,0,0,0,0,0,0,0,0,0,0
2,17,5,0,0,0,0,0,0,0,0,0,0,0,0,0,0,0,0,0,0,13,14,6,0,0,0,0,0,0,0,0,0,0,0,0,0,0,0,0,0,0,7,11,7,0,0,0,0,0,0,0,0,0,0,0,0,0,0,0,0,0,0,14,10,7,0,0,0,0,0,0,0,0,0,0,0,0,0,0,0,0,0,0,11,10,7,0,0,0,0,0,0,0,0,0,0,0,0,0,0,0,0,0,0,16,10,5,0,0,0,0,0,0,0,0,0,0,0,0,0,0,0,0,0,0,10,11,3,1,2,0,0,0,0,0,0,0,0,0,0,0,0,0,0,0,0,7,4,3,4,3,2,0,0,0,0,0,0,0,0,0,0,0,0,0,0,0,5,2,3,3,1,5,0,0,0,0,0,0,0,0,0,0,0,0,0,0,0,5,0,1,4,7,2,0,0,0,0,0,0,0,0,0,0,0,0,0,0,0,1,1,2,6,9,0,0,0,0,0,0,0,0,0,0,0,0,0,0,0,0,0,1,2,5,0,0,0,0,0,0,0,0,0,0,0,0,0,0,0,0,0,0,0,2,0,0,0,0,0,0,0,0,0,0,0,0,0,0,0,0,0,0,0,1,0,0,0,0,0,0,0,0,0,0,0,0,0,0,0,0,0,0,0,1,0,0,0,0,0,0,0,0,0,0,0,0,0,0,0,0,0,0,0,0,1,0,0,0,0,0,0,0,0,0,0,0,0,0,0,0,0,0,0,0,0,1,0,0,0,0,0,0,0,0,0,0,0,0,0,0,0,0,0,0,0,0,0,0,0,0,0,0,0,0,0,0,0,0,0,0,0,0,0,0,0,0,0,0,0,0,0,0,0,0,0,0,0,0,0,0,0,0,0,0,0,0,0,0,0
0,15,3,0,0,0,0,0,0,0,0,0,0,0,0,0,0,0,0,0,0,18,16,5,0,0,0,0,0,0,0,0,0,0,0,0,0,0,0,0,0,0,16,14,9,0,0,0,0,0,0,0,0,0,0,0,0,0,0,0,0,0,0,11,10,8,0,0,0,0,0,0,0,0,0,0,0,0,0,0,0,0,0,0,11,13,8,0,0,0,0,0,0,0,0,0,0,0,0,0,0,0,0,0,0,15,11,1,2,0,0,0,0,0,0,0,0,0,0,0,0,0,0,0,0,0,7,5,8,4,0,0,0,0,0,0,0,0,0,0,0,0,0,0,0,0,0,5,4,1,2,2,1,0,0,0,0,0,0,0,0,0,0,0,0,0,0,0,6,3,1,5,5,2,0,0,0,0,0,0,0,0,0,0,0,0,0,0,0,5,3,0,3,5,6,0,0,0,0,0,0,0,0,0,0,0,0,0,0,0,0,0,2,1,3,0,0,0,0,0,0,0,0,0,0,0,0,0,0,0,0,1,3,3,6,1,0,0,0,0,0,0,0,0,0,0,0,0,0,0,0,0,0,1,1,2,0,0,0,0,0,0,0,0,0,0,0,0,0,0,0,0,0,1,4,4,0,0,0,0,0,0,0,0,0,0,0,0,0,0,0,0,0,0,1,3,0,0,0,0,0,0,0,0,0,0,0,0,0,0,0,0,0,0,0,1,0,0,0,0,0,0,0,0,0,0,0,0,0,0,0,0,0,0,0,0,0,0,0,0,0,0,0,0,0,0,0,0,0,0,0,0,0,0,0,0,0,0,0,0,0,0,0,0,0,0,0,0,0,0,0,0,0,0,0,0,0,0,0,0,0,0,0,0,0,0,0,0,0,0,0,0,0,0,0,0,0,0,0,0
1,20,5,0,0,0,0,0,0,0,0,0,0,0,0,0,0,0,0,0,0,24,16,5,0,0,0,0,0,0,0,0,0,0,0,0,0,0,0,0,0,0,16,12,4,0,0,0,0,0,0,0,0,0,0,0,0,0,0,0,0,0,0,16,13,5,0,0,0,0,0,0,0,0,0,0,0,0,0,0,0,0,0,0,14,12,5,0,0,0,0,0,0,0,0,0,0,0,0,0,0,0,0,0,0,14,12,7,0,0,0,0,0,0,0,0,0,0,0,0,0,0,0,0,0,0,14,9,8,4,0,0,0,0,0,0,0,0,0,0,0,0,0,0,0,0,0,3,3,5,1,1,1,0,0,0,0,0,0,0,0,0,0,0,0,0,0,0,4,2,3,2,4,4,0,0,0,0,0,0,0,0,0,0,0,0,0,0,0,3,2,3,2,8,0,0,0,0,0,0,0,0,0,0,0,0,0,0,0,0,5,0,4,6,4,0,0,0,0,0,0,0,0,0,0,0,0,0,0,0,0,2,2,4,6,0,0,0,0,0,0,0,0,0,0,0,0,0,0,0,0,0,0,2,2,0,0,0,0,0,0,0,0,0,0,0,0,0,0,0,0,0,0,0,0,0,0,0,0,0,0,0,0,0,0,0,0,0,0,0,0,0,0,0,1,1,0,0,0,0,0,0,0,0,0,0,0,0,0,0,0,0,0,0,0,0,0,0,0,0,0,0,0,0,0,0,0,0,0,0,0,0,0,0,0,0,0,0,0,0,0,0,0,0,0,0,0,0,0,0,0,0,0,0,0,0,0,0,0,0,0,0,0,0,0,0,0,0,0,0,0,0,0,0,0,0,0,0,0,0,0,0,0,0,0,0,0,0,0,0,0,0,0,0,0,0,0,0,0,0
3,18,0,0,0,0,0,0,0,0,0,0,0,0,0,0,0,0,0,0,0,23,21,4,0,0,0,0,0,0,0,0,0,0,0,0,0,0,0,0,0,0,15,13,8,0,0,0,0,0,0,0,0,0,0,0,0,0,0,0,0,0,0,14,11,3,0,0,0,0,0,0,0,0,0,0,0,0,0,0,0,0,0,0,11,11,14,0,0,0,0,0,0,0,0,0,0,0,0,0,0,0,0,0,0,6,7,4,0,0,0,0,0,0,0,0,0,0,0,0,0,0,0,0,0,0,15,12,8,2,0,0,0,0,0,0,0,0,0,0,0,0,0,0,0,0,0,3,5,5,3,1,0,0,0,0,0,0,0,0,0,0,0,0,0,0,0,0,4,1,5,2,3,0,0,0,0,0,0,0,0,0,0,0,0,0,0,0,0,5,6,3,7,7,0,0,0,0,0,0,0,0,0,0,0,0,0,0,0,0,0,2,3,3,0,0,0,0,0,0,0,0,0,0,0,0,0,0,0,0,0,3,1,3,3,0,0,0,0,0,0,0,0,0,0,0,0,0,0,0,0,0,0,4,4,0,0,0,0,0,0,0,0,0,0,0,0,0,0,0,0,0,0,1,3,0,0,0,0,0,0,0,0,0,0,0,0,0,0,0,0,0,0,0,1,0,0,0,0,0,0,0,0,0,0,0,0,0,0,0,0,0,0,0,0,0,0,0,0,0,0,0,0,0,0,0,0,0,0,0,0,0,0,0,0,0,0,0,0,0,0,0,0,0,0,0,0,0,0,0,0,0,0,0,0,0,0,0,0,0,0,0,0,0,0,0,0,0,0,0,0,0,0,0,0,0,0,0,0,0,0,0,0,0,0,0,0,0,0,0,0,0,0,0,0,0,0,0,0,0
0,16,4,0,0,0,0,0,0,0,0,0,0,0,0,0,0,0,0,0,0,10,15,11,0,0,0,0,0,0,0,0,0,0,0,0,0,0,0,0,0,0,11,10,3,0,0,0,0,0,0,0,0,0,0,0,0,0,0,0,0,0,0,16,15,4,0,0,0,0,0,0,0,0,0,0,0,0,0,0,0,0,0,0,14,11,6,1,0,0,0,0,0,0,0,0,0,0,0,0,0,0,0,0,0,10,8,5,2,0,0,0,0,0,0,0,0,0,0,0,0,0,0,0,0,0,7,8,5,1,0,0,0,0,0,0,0,0,0,0,0,0,0,0,0,0,0,6,4,3,5,2,0,0,0,0,0,0,0,0,0,0,0,0,0,0,0,0,4,2,3,3,5,0,0,0,0,0,0,0,0,0,0,0,0,0,0,0,0,5,0,1,4,5,0,0,0,0,0,0,0,0,0,0,0,0,0,0,0,0,5,0,5,4,8,0,0,0,0,0,0,0,0,0,0,0,0,0,0,0,0,1,3,1,7,0,0,0,0,0,0,0,0,0,0,0,0,0,0,0,0,0,2,2,4,3,0,0,0,0,0,0,0,0,0,0,0,0,0,0,0,0,0,0,0,0,0,0,0,0,0,0,0,0,0,0,0,0,0,0,0,0,0,0,2,3,0,0,0,0,0,0,0,0,0,0,0,0,0,0,0,0,0,0,0,1,0,0,0,0,0,0,0,0,0,0,0,0,0,0,0,0,0,0,0,0,0,0,0,0,0,0,0,0,0,0,0,0,0,0,0,0,0,0,0,0,0,0,0,0,0,0,0,0,0,0,0,0,0,0,0,0,0,0,0,0,0,0,0,0,0,0,0,0,0,0,0,0,0,0,0,0,0,0,0,0,0,0,0,0
2,13,10,0,0,0,0,0,0,0,0,0,0,0,0,0,0,0,0,0,0,9,15,3,0,0,0,0,0,0,0,0,0,0,0,0,0,0,0,0,0,0,14,16,4,0,0,0,0,0,0,0,0,0,0,0,0,0,0,0,0,0,0,15,15,5,0,0,0,0,0,0,0,0,0,0,0,0,0,0,0,0,0,0,16,14,5,0,0,0,0,0,0,0,0,0,0,0,0,0,0,0,0,0,0,11,9,7,5,0,0,0,0,0,0,0,0,0,0,0,0,0,0,0,0,0,7,8,6,0,0,0,0,0,0,0,0,0,0,0,0,0,0,0,0,0,0,1,6,2,0,0,0,0,0,0,0,0,0,0,0,0,0,0,0,0,0,0,16,11,7,5,4,0,0,0,0,0,0,0,0,0,0,0,0,0,0,0,0,4,1,2,6,11,0,0,0,0,0,0,0,0,0,0,0,0,0,0,0,0,2,2,4,3,5,0,0,0,0,0,0,0,0,0,0,0,0,0,0,0,0,1,1,3,3,0,0,0,0,0,0,0,0,0,0,0,0,0,0,0,0,0,1,1,2,0,0,0,0,0,0,0,0,0,0,0,0,0,0,0,0,0,0,1,1,0,0,0,0,0,0,0,0,0,0,0,0,0,0,0,0,0,0,0,0,0,0,0,0,0,0,0,0,0,0,0,0,0,0,0,0,0,0,0,0,0,0,0,0,0,0,0,0,0,0,0,0,0,0,0,0,0,0,0,0,0,0,0,0,0,0,0,0,0,0,0,0,0,0,0,0,0,0,0,0,0,0,0,0,0,0,0,0,0,0,0,0,0,0,0,0,0,0,0,0,0,0,0,0,0,0,0,0,0,0,0,0,0,0,0,0,0,0,0,0,0,0,0,0,0
2,20,4,0,0,0,0,0,0,0,0,0,0,0,0,0,0,0,0,0,0,24,23,0,0,0,0,0,0,0,0,0,0,0,0,0,0,0,0,0,0,0,34,17,5,0,0,0,0,0,0,0,0,0,0,0,0,0,0,0,0,0,0,14,10,9,0,0,0,0,0,0,0,0,0,0,0,0,0,0,0,0,0,0,10,8,7,0,0,0,0,0,0,0,0,0,0,0,0,0,0,0,0,0,0,11,9,8,4,0,0,0,0,0,0,0,0,0,0,0,0,0,0,0,0,0,3,5,4,2,0,0,0,0,0,0,0,0,0,0,0,0,0,0,0,0,0,4,7,3,4,0,0,0,0,0,0,0,0,0,0,0,0,0,0,0,0,0,1,8,1,4,1,0,0,0,0,0,0,0,0,0,0,0,0,0,0,0,0,5,5,4,5,4,0,0,0,0,0,0,0,0,0,0,0,0,0,0,0,0,3,2,3,3,3,0,0,0,0,0,0,0,0,0,0,0,0,0,0,0,0,1,5,6,9,0,0,0,0,0,0,0,0,0,0,0,0,0,0,0,0,0,2,2,3,0,0,0,0,0,0,0,0,0,0,0,0,0,0,0,0,0,0,0,3,0,0,0,0,0,0,0,0,0,0,0,0,0,0,0,0,0,0,0,1,0,0,0,0,0,0,0,0,0,0,0,0,0,0,0,0,0,0,0,0,1,0,0,0,0,0,0,0,0,0,0,0,0,0,0,0,0,0,0,0,0,0,0,0,0,0,0,0,0,0,0,0,0,0,0,0,0,0,0,0,0,0,0,0,0,0,0,0,0,0,0,0,0,0,0,0,0,0,0,0,0,0,0,0,0,0,0,0,0,0,0,0,0,0,0,0,0,0,0,0,0,0,0,0,0
